(((":req" .
   [1 0 0 0])
  (":ud" .
   [1 0 0])
  ("ch" .
   [2 0])
  ("clojure.test.check.generators" .
   [0 0 0 0 0 0 0 1 0 0 0 0 0 0 0 0 0 0 0 0 0 0 0 0 0 0 0 0 0])
  ("def-" .
   [1 0 0 0])
  (":keep-alive" .
   [2 0 0 0 0 0 0 0 0 0 0])
  (":req-link-status" .
   [0 0 0 0 0 0 0 0 0 1 0 0 0 0 0 0])
  (":unconfirmed-ud" .
   [0 0 0 1 0 0 0 0 0 0 0 0 0 0 0])
  (":confirmed-ud" .
   [0 0 0 0 0 0 0 1 0 0 0 0 0])
  (":test-link" .
   [1 0 0 0 0 0 0 0 0 0])
  (":reset-link" .
   [2 0 0 0 0 0 0 0 0 0 0])
  ("action" .
   [1 0 0 0 0 0])
  ("pos?" .
   [0 0 0 1])
  ("len" .
   [2 0 0])
  ("ud" .
   [3 0])
  ("cc" .
   [3 0])
  ("if" .
   [3 0])
  ("0x20" .
   [1 0 0 0])
  ("0x10" .
   [1 0 0 0])
  ("0x80" .
   [1 0 0 0])
  ("0x40" .
   [1 0 0 0])
  ("ctl" .
   [11 0 0])
  ("opts" .
   [1 0 0 0])
  ("send-and-retry-reset" .
   [0 0 0 0 0 0 0 0 0 0 0 1 0 0 0 0 0 0 0 0])
  (":retry-count" .
   [1 0 0 0 0 0 0 0 0 0 0 0])
  (":retry" .
   [1 0 0 0 0 0])
  ("reqf" .
   [1 0 0 0])
  ("retry" .
   [2 0 0 0 0])
  (":r-link-status-wait" .
   [0 0 1 0 0 0 0 0 0 0 0 0 0 0 0 0 0 0 0])
  (":confirmed-ud-wait" .
   [0 0 0 0 0 1 0 0 0 0 0 0 0 0 0 0 0 0])
  (":ur-link-status-wait" .
   [0 0 0 0 1 1 0 0 0 0 0 0 0 0 0 0 0 0 0 0])
  (":rl-wait-2" .
   [0 0 0 0 1 0 0 0 0 0])
  (":rl-wait-1" .
   [1 0 0 0 0 0 0 0 0 0])
  (":sec-reset-idle" .
   [0 0 0 0 0 0 0 1 0 0 0 0 0 0 0])
  (":sec-unreset-idle" .
   [0 0 0 0 0 0 0 1 0 0 0 0 0 0 0 0 0])
  (":ul.dias-semana" .
   [1 0 0 0 0 0 0 0 0 0 0 0 0 0 0])
  ("y-pos" .
   [3 0 0 0 0])
  ("x-pos" .
   [3 0 0 0 0])
  (":y-pos" .
   [3 0 0 0 0 0])
  (":x-pos" .
   [2 0 0 0 0 0])
  ("res" .
   [5 0 0])
  (":año" .
   [1 0 0 0])
  (":mes" .
   [1 0 0 0])
  ("month-to-name" .
   [0 0 0 0 0 0 0 0 1 0 0 0 0])
  ("month" .
   [2 0 0 0 0])
  (":dias" .
   [1 0 0 0 0])
  ("rum/defcs" .
   [1 0 0 0 0 0 0 1 0])
  ("::clicks" .
   [2 0 1 0 0 0 0 0])
  ("tabular" .
   [1 0 0 0 0 0 0])
  ("inst" .
   [1 0 0 0])
  ("units" .
   [1 0 0 0 0])
  (":host" .
   [1 0 0 0 0])
  (":port" .
   [2 0 0 0 0])
  ("cljs" .
   [1 0 0 0])
  ("cljs-repl" .
   [1 0 0 0 0 0 0 0 0])
  ("reload" .
   [1 0 0 0 0 0])
  (":dir" .
   [1 0 0 0])
  ("serve" .
   [1 0 0 0 0])
  (":scope" .
   [1 0 0 0 0 0])
  ("0.1" .
   [1 0 0])
  ("oldPdf" .
   [1 0 0 0 0 0])
  ("pdf" .
   [1 0 0])
  ("in" .
   [4 0])
  ("total" .
   [7 0 0 0 0])
  ("nil" .
   [6 0 0])
  ("propina" .
   [3 0 0 0 0 0 0])
  ("dstPdf" .
   [0 0 0 1 0 0])
  ("oriPdf" .
   [1 0 0 0 0 0])
  ("o" .
   [1])
  ("pdf/numera-archivo" .
   [0 0 0 0 1 0 0 0 0 0 0 0 0 0 0 0 0 0])
  ("archivo" .
   [4 0 0 0 0 0 0])
  ("outFile" .
   [5 0 0 1 0 0 0])
  ("x" .
   [1])
  ("monto" .
   [7 0 0 0 0])
  ("xml" .
   [8 0 0])
  ("con" .
   [1 0 0])
  ("bruto" .
   [1 0 0 0 0])
  ("concepto" .
   [3 0 0 0 0 0 0 0])
  ("fecha" .
   [3 0 0 0 0])
  ("csv" .
   [3 0 0])
  ("recur" .
   [1 0 0 0 0])
  ("no" .
   [2 0])
  ("fila" .
   [9 0 0 0])
  ("in-file" .
   [1 0 0 0 0 0 0])
  ("cvs/read-cvs" .
   [0 0 0 0 0 0 1 0 0 0 0 0])
  ("io/file" .
   [1 0 0 0 0 0 0])
  ("origen" .
   [3 0 0 0 0 0])
  ("destino" .
   [6 0 0 0 0 0 0])
  ("source" .
   [1 0 0 0 0 0])
  ("cvs" .
   [2 0 0])
  (":gen-class" .
   [0 0 0 0 0 0 1 0 0 0])
  ("io" .
   [1 0])
  ("clojure.java.io" .
   [1 0 0 0 0 0 0 0 0 0 0 0 0 0 0])
  (":require" .
   [3 0 0 0 0 0 0 0])
  ("Generate" .
   [0 0 0 1 0 0 0 0])
  ("doc" .
   [1 0 2])
  ("not-empty" .
   [0 0 0 0 0 0 1 0 0])
  ("gen/int" .
   [0 0 0 0 3 0 0])
  (".remaining" .
   [1 0 0 0 0 0 0 1 0 0])
  ("avg" .
   [2 0 0])
  ("in1" .
   [2 0 0])
  ("in2" .
   [2 0 0])
  ("input" .
   [9 0 0 0 0])
  ("true" .
   [4 0 0 0])
  (":reload" .
   [1 0 0 0 0 0 0])
  ("compute-crc-spec" .
   [1 0 0 0 0 0 0 0 0 0 0 0 0 0 0 0])
  ("%1" .
   [2 0])
  ("->" .
   [5 0])
  (":as" .
   [5 0 0])
  ("byte-streams" .
   [1 0 0 0 0 0 0 0 0 0 0 0])
  ("def" .
   [4 0 0])
  ("acc" .
   [1 0 0])
  ("octet" .
   [1 0 0 0 0])
  ("crc-check" .
   [1 0 0 0 0 0 0 0 0])
  ("crc-calc" .
   [2 0 0 0 1 0 0 0])
  ("buffer" .
   [1 0 0 0 0 0])
  (".flip" .
   [1 0 0 0 0])
  ("ob" .
   [1 0])
  ("0xffff" .
   [2 0 0 0 0 0])
  ("crc-data" .
   [1 0 0 0 0 0 0 0])
  ("datalink.crc" .
   [1 0 0 0 0 0 0 0 0 0 0 0])
  ("deftest" .
   [0 0 0 1 0 0 0])
  ("is" .
   [1 0])
  (":refer" .
   [1 0 0 0 0 0])
  ("defspec" .
   [1 0 0 0 0 0 0])
  ("id" .
   [1 0])
  (".close" .
   [3 0 0 0 0 0])
  ("file" .
   [5 0 0 0])
  ("quit-repl" .
   [0 0 0 0 0 0 0 0 1])
  ("pprint" .
   [9 0 0 1 0 0])
  ("parsed" .
   [1 0 0 0 0 0])
  ("spec" .
   [3 0 0 0])
  (":not" .
   [1 0 0 0])
  ("stack" .
   [4 0 0 0 0])
  ("pending" .
   [6 0 0 3 2 0 0])
  ("edges" .
   [4 0 0 0 0])
  ("in-pending" .
   [8 0 0 0 1 0 0 0 0 1])
  ("pending1" .
   [3 0 0 0 0 0 0 0])
  ("in-stack" .
   [1 0 0 0 0 0 0 0])
  ("in-edges" .
   [1 0 0 0 0 0 0 0])
  ("spec-edges" .
   [3 0 0 0 0 0 0 0 0 0])
  (":from" .
   [1 0 0 0 0])
  ("spec-pending" .
   [1 0 0 0 0 0 0 0 0 0 0 0])
  ("op" .
   [1 0])
  ("to" .
   [7 0])
  ("form" .
   [1 0 0 0])
  ("from" .
   [6 0 0 0])
  (":default" .
   [1 0 0 0 0 0 0 0])
  ("dummy" .
   [1 0 0 0 0])
  (":to" .
   [1 0 0])
  ("do" .
   [1 0])
  ("m" .
   [1])
  ("merged" .
   [2 0 0 0 0 0])
  ("rum" .
   [4 0 0])
  (":clicks" .
   [1 0 0 0 0 0 0])
  ("state" .
   [2 0 0 0 0])
  ("rum/local" .
   [1 0 0 0 0 0 0 0 0])
  ("mdl-example" .
   [1 0 0 0 0 0 0 0 0 0 0])
  ("::title" .
   [1 0 0 0 0 0 0])
  ("mdl/icon" .
   [1 0 0 0 0 0 0 0])
  (":icon" .
   [2 0 0 0 0])
  ("mdl/card-text" .
   [0 0 0 0 1 0 0 0 0 0 0 0 0])
  (":div" .
   [5 0 0 0])
  (":li" .
   [3 0 0])
  ("mdl/li" .
   [1 0 0 2 0 0])
  (":content" .
   [2 0 0 0 0 0 1 0])
  ("mdl/list" .
   [1 0 0 0 0 0 0 0])
  (":records" .
   [1 0 0 0 0 0 0 0])
  (":type" .
   [4 0 0 0 0])
  (":desc" .
   [2 0 0 0 0])
  (":monto" .
   [3 0 0 0 0 0])
  (":iva" .
   [3 0 0 0])
  ("rum/defc" .
   [4 0 0 1 1 0 0 0])
  ("records" .
   [4 0 0 0 0 0 0])
  (":class" .
   [6 0 0 0 0 0])
  ("record" .
   [4 0 0 0 0 0])
  (":hospedaje" .
   [1 0 0 0 0 0 0 0 0 0])
  (":dieta" .
   [1 0 0 0 0 0])
  ("tipo" .
   [3 0 0 0])
  ("desc" .
   [3 0 0 0])
  (":num" .
   [2 0 0 0])
  (":entradas" .
   [2 0 0 0 0 0 0 0 0])
  (":tipo" .
   [3 0 0 0 0])
  ("resume-record" .
   [0 0 0 0 0 0 1 0 0 0 0 0 0])
  ("day-resume" .
   [1 0 0 0 0 0 0 0 0 0])
  (":span" .
   [4 0 0 0 0])
  ("dia" .
   [5 0 0])
  (":dia" .
   [1 0 0 0])
  (":or" .
   [2 0 0])
  ("entradas" .
   [3 0 0 0 0 0 0 0])
  ("iva" .
   [5 0 0])
  ("record-resume" .
   [1 0 0 0 0 0 0 0 0 0 1 0 0])
  (":locomocion" .
   [1 0 0 0 0 0 0 0 0 0 0])
  ("month-resume" .
   [1 0 0 0 0 0 0 0 0 0 0 0])
  ("month-data" .
   [1 0 0 0 0 0 0 0 0 0])
  (":div.dia-fecha" .
   [1 0 0 0 0 0 0 0 0 0 0 0 0 0])
  ("0.0" .
   [1 0 0])
  ("resumen-entrada" .
   [2 0 0 0 0 0 0 0 0 0 0 0 1 0 0])
  ("resumen-dia" .
   [2 0 0 0 0 0 0 0 0 0 0])
  ("mes" .
   [3 0 0])
  ("resumen-mes" .
   [1 0 0 0 0 0 0 0 0 0 0])
  ("entrada" .
   [1 0 0 0 0 0 0])
  ("dias" .
   [2 0 0 0])
  (":tr" .
   [4 0 0])
  ("dias-semana" .
   [2 0 0 0 0 1 0 0 0 0 0])
  (":th" .
   [2 0 0])
  (":td.dia.otro-mes" .
   [0 0 0 0 1 0 0 0 0 0 0 0 0 0 0 0])
  ("current-spec" .
   [1 0 0 0 0 0 0 0 0 0 0 0])
  ("blank-spec" .
   [1 0 0 0 0 0 0 0 0 0])
  ("x-offset" .
   [2 0 0 0 0 0 0 0])
  ("clojure.string" .
   [1 0 0 0 0 0 0 0 0 0 0 0 0 0])
  ("cfg-map" .
   [3 0 0 0 0 0 0])
  ("send-and-assoc" .
   [3 0 0 0 0 2 0 0 2 0 0 0 0 0])
  ("error" .
   [2 0 0 0 0])
  (":test-wait" .
   [0 0 0 1 0 0 0 0 0 0])
  ("braincrumbs.dnp3.datalink.crc" .
   [1 0 0 0 0 0 0 0 0 0 0 0 0 0 0 0 0 0 0 0 0 0 0 0 0 0 0 0 0])
  ("crc" .
   [1 0 0])
  ("dlf-byte-encoder" .
   [1 0 0 0 0 0 0 0 0 0 0 0 0 0 0 0])))
